11111111111111111111111111111111111111111111111111
11111111111111111111111111111111111111111111111111
11111110000000000001111111000000111110000001111111
11111110000000000001111100000000001000000000011111
11111111111000011111111000000000000000000000001111
11111111111000011111111000000000000000000000001111
11111111111000011111111100000000000000000000011111
11111111111000011111111110000000000000000000111111
11111111111000011111111111000000000000000001111111
11111111111000011111111111110000000000000111111111
11111110000000000001111111111110000000111111111111
11111110000000000001111111111111110111111111111111
11111111111111111111111111111111111111111111111111
11111111111111111111111111111111111111111111111111
11111000000000000000000111111110000000001000111111
11111000000000000000000111111000000000000000111111
11111110000111111111000111110000111111110000111111
11111110000111000111000111111000011111111000111111
11111110000000000111111111111100000000011111111111
11111110000000000111111111111111100000000000111111
11111110000111000111111111110001111111111000011111
11111110000111111111111111110000111111111100001111
11111000000000001111111111110000000000000000011111
11111000000000001111111111110001000000000001111111
11111111111111111111111111111111111111111111111111
11111111111111111111111111111111111111111111111111
